2017-03-02  2017024  	  09  21  25  26  29  31  13  	 342,020,216  	  6  120 
2017-02-28  2017023  	  01  03  04  11  18  22  14  	 337,872,226  	  3  108 
2017-02-26  2017022  	  02  06  15  16  18  32  15  	 370,988,738  	  4  63 
2017-02-23  2017021  	  02  05  10  22  32  33  09  	 329,896,520  	  16  115 
2017-02-21  2017020  	  04  08  10  12  31  33  10  	 321,450,250  	  4  87 
2017-02-19  2017019  	  04  06  08  12  23  25  08  	 362,828,374  	  4  111 
2017-02-16  2017018  	  01  02  03  17  25  31  09  	 332,385,048  	  5  91 
2017-02-14  2017017  	  03  07  08  10  22  23  12  	 329,086,094  	  5  120 
2017-02-12  2017016  	  05  08  16  22  27  29  02  	 349,767,606  	  12  222 
2017-02-09  2017015  	  01  08  09  14  17  32  01  	 314,977,594  	  4  101 
2017-02-07  2017014  	  06  08  18  20  23  31  13  	 307,538,720  	  5  144 
2017-02-05  2017013  	  08  11  28  29  31  33  06  	 377,878,424  	  10  99 
2017-01-26  2017012  	  10  11  14  15  16  24  07  	 329,120,186  	  9  80 
2017-01-24  2017011  	  10  11  12  23  26  29  16  	 318,019,266  	  11  229 
2017-01-22  2017010  	  05  08  19  25  28  30  07  	 350,388,682  	  30  231 
2017-01-19  2017009  	  02  06  08  09  15  29  14  	 318,286,702  	  9  145 
2017-01-17  2017008  	  07  13  15  27  28  29  13  	 318,368,112  	  10  165 
2017-01-15  2017007  	  02  04  05  24  26  33  15  	 358,098,002  	  7  62 
2017-01-12  2017006  	  02  04  08  26  29  33  08  	 327,823,184  	  4  70 
2017-01-10  2017005  	  06  11  12  22  23  30  05  	 328,457,210  	  14  204 
